 amu  = 1.66053906892e-27 // 原子质量单位
 ha   = 4.3597447222060e-18 // 原子能量单位
 bohr = 5.29177210544e-11 // 原子长度单位
 eps0 = 8.8541878188e-12 // 介电常数
 mu0  = 1.25663706127e-6 // 介磁常数
 me   = 9.1093837139e-31 // 电子质量
 mp   = 1.67262192595e-27 // 质子质量
 G    = 6.67430e-11 // 万有引力常数
 emas = 9.1093837139e-31 
 pmas = 1.67262192595e-27 
 aut  = 2.4188843265864e-17 
 auf  = 8.2387235038e-8 
 Rinf = 2.1798723611030e-18 
 
amu2eV    = 9.3149410372e8   // 0.0000000029e8|eV             
amu2Hatr  = 3.4231776922e7   // 0.0000000011e7|E_h            
amu2Hz    = 2.25234272185e23 // 0.00000000070e23|Hz         
amu2invm  = 7.5130066209e14  // 0.0000000023e14|m^-1         
amu2J     = 1.49241808768e-10 // 0.00000000046e-10|J        
amu2K     = 1.08095402067e13  // 0.00000000034e13|K          
amu2kg    = 1.66053906892e-27 // 0.00000000052e-27|kg       

eV2amu    = 1.07354410083e-9 // 0.00000000033e-9|u          
eV2Hatr   = 3.6749322175665e-2 // 0.0000000000040e-2|E_h    
eV2Hz     = 2.417989242e14 // (exact)|Hz                    
eV2invm   = 8.065543937e5 // (exact)|m^-1                   
eV2J      = 1.602176634e-19 // (exact)|J                    
eV2K      = 1.160451812e4 // (exact)|K                      
eV2kg     = 1.782661921e-36 // (exact)|kg                   
Hatr2amu  = 2.92126231797e-8 // 0.00000000091e-8|u          
Hatr2eV   = 27.211386245981 // 0.000000000030|eV            
Hatr2Hz   = 6.5796839204999e15 // 0.0000000000072e15|Hz     
Hatr2invm = 2.1947463136314e7 // 0.0000000000024e7|m^-1     
Hatr2J    = 4.3597447222060e-18 // 0.0000000000048e-18|J    
Hatr2K    = 3.1577502480398e5 // 0.0000000000034e5|K        
Hatr2kg   = 4.8508702095419e-35 // 0.0000000000053e-35|kg   
Hz2amu    = 4.4398216590e-24 // 0.0000000014e-24|u          
Hz2eV     = 4.135667696e-15 // (exact)|eV                   
Hz2Hatr   = 1.5198298460574e-16 // 0.0000000000017e-16|E_h  
Hz2invm   = 3.335640951e-9 // (exact)|m^-1                  
Hz2J      = 6.62607015e-34 // (exact)|J                     
Hz2K      = 4.799243073e-11 // (exact)|K                    
Hz2kg     = 7.372497323e-51 // (exact)|kg                   
invm2amu  = 1.33102504824e-15 // 0.00000000041e-15|u        
invm2eV   = 1.239841984e-6 // (exact)|eV                    
invm2Hatr = 4.5563352529132e-8 // 0.0000000000050e-8|E_h    
invm2Hz   = 299792458 // (exact)|Hz                         
invm2J    = 1.986445857e-25 // (exact)|J                    
invm2K    = 1.438776877e-2 // (exact)|K                     
invm2kg   = 2.210219094e-42 // (exact)|kg                   
J2amu     = 6.7005352471e9 // 0.0000000021e9|u              
J2eV      = 6.241509074e18 // (exact)|eV                    
J2Hatr    = 2.2937122783969e17 // 0.0000000000025e17|E_h    
J2Hz      = 1.509190179e33 // (exact)|Hz                    
J2invm    = 5.034116567e24 // (exact)|m^-1                  
J2K       = 7.242970516e22 // (exact)|K                     
J2kg      = 1.112650056e-17 // (exact)|kg                   
K2amu     = 9.2510872884e-14 // 0.0000000029e-14|u          
K2eV      = 8.617333262e-5 // (exact)|eV                    
K2Hatr    = 3.1668115634564e-6 // 0.0000000000035e-6|E_h    
K2Hz      = 2.083661912e10 // (exact)|Hz                    
K2invm    = 69.50348004 // (exact)|m^-1                     
K2J       = 1.380649e-23 // (exact)|J                       
K2kg      = 1.536179187e-40 // (exact)|kg                   
kg2amu    = 6.0221407537e26 // 0.0000000019e26|u            
kg2eV     = 5.609588603e35 // (exact)|eV                    
kg2Hatr   = 2.0614857887415e34 // 0.0000000000022e34|E_h    
kg2Hz     = 1.356392489e50 // (exact)|Hz                    
kg2invm   = 4.524438335e41 // (exact)|m^-1                  
kg2J      = 8.987551787e16 // (exact)|J                     
kg2K      = 6.509657260e39 // (exact)|K                     

